image_width: 2448
image_height: 2048
camera_name: 0
camera_matrix:
  rows: 3
  cols: 3
  data: [2.4032691757255579e+03, 0., 1.2166054602770371e+03, 0., 2.4121512925696502e+03, 1.0082126790786290e+03, 0., 0., 1.]
distortion_model: plumb_bob
distortion_coefficients:
  rows: 1
  cols: 5
  data: [-1.7891839184119299e-01, 1.5709201128078301e-01, 7.5643992933044482e-05, -2.0919911715141070e-04, 0.0]
rectification_matrix:
  rows: 3
  cols: 3
  data: [1, 0, 0, 0, 1, 0, 0, 0, 1]
projection_matrix:
  rows: 3
  cols: 4
  data: [0, 0, 0, 0, 0, 0, 0, 0, 0, 0, 0, 0]
